0,523
90,3
90,2
90,1
90,0
89,3
89,2
89,1
89,0
88,3
88,2
88,1
88,0
0,522
87,4
87,3
87,2
87,1
87,0
86,4
86,3
86,2
86,1
86,0
85,3
85,2
85,1
85,0
72,53
84,3
84,2
84,1
84,0
83,4
83,3
83,2
83,1
83,0
82,4
82,3
82,2
82,1
82,0
81,3
81,2
81,1
81,0
0,521
0,520
0,519
0,518
0,517
0,516
0,515
0,514
0,513
0,512
0,511
80,3
80,2
80,1
80,0
79,3
79,2
79,1
79,0
0,510
78,3
78,2
0,509
78,1
78,0
0,508
0,507
77,4
77,3
77,2
0,506
77,1
77,0
0,505
76,4
76,3
76,2
76,1
76,0
0,504
0,472
75,3
75,2
75,1
75,0
74,3
74,2
74,1
74,0
0,278
73,3
73,2
0,9
73,1
73,0
72,52
72,51
72,50
72,49
72,48
72,47
72,46
72,45
72,44
72,43
72,42
72,41
72,40
72,39
72,38
72,37
72,36
72,35
3,2
3,1
3,3
10,147
10,9
10,302
10,82
10,30
10,134
11,20
11,8
9,5
8,7
8,17
69,4
69,3
69,2
